1	0.616593
2	0.616593
3	0.616593
4	0.594582
5	0.628738
6	0.571107
7	0.601676
8	0.591969
9	0.591587
10	0.599529
11	0.590425
12	0.588480
13	0.598284
14	0.598595
15	0.602553
16	0.596024
17	0.601062
18	0.587620
19	0.596482
20	0.606875
21	0.600185
22	0.594475
23	0.605667
24	0.597991
25	0.610238
26	0.599451
27	0.608936
28	0.594105
29	0.599467
30	0.606258
31	0.598624
32	0.598596
33	0.596267
34	0.602255
35	0.603975
36	0.593573
37	0.602173
38	0.590133
39	0.602067
40	0.593260
41	0.598902
42	0.595240
43	0.597060
44	0.607500
45	0.601833
46	0.596356
47	0.601887
48	0.599558
49	0.606338
50	0.596962
51	0.601055
52	0.597949
53	0.603804
54	0.600891
55	0.599360
56	0.602265
57	0.595735
58	0.600113
59	0.597231
60	0.593285
61	0.603264
62	0.599905
63	0.596398
64	0.607498
65	0.597633
66	0.601427
67	0.604365
68	0.598858
69	0.604209
70	0.599040
71	0.595489
72	0.602673
73	0.596684
74	0.600582
75	0.593740
76	0.599860
77	0.598182
78	0.603167
79	0.596973
80	0.602962
81	0.597055
82	0.602567
83	0.596713
84	0.602389
85	0.596633
86	0.601967
87	0.596936
88	0.602411
89	0.596927
90	0.600811
91	0.598433
92	0.599344
93	0.594925
94	0.601955
95	0.595184
96	0.601440
97	0.597653
98	0.601887
99	0.596582
100	0.602191
101	0.598544
102	0.594644
103	0.600945
104	0.596415
105	0.602824
106	0.597262
107	0.600495
108	0.597209
109	0.602035
110	0.598122
111	0.600271
112	0.598431
113	0.602229
114	0.596216
115	0.601129
116	0.596164
117	0.601076
118	0.598738
119	0.602536
120	0.597675
121	0.601298
122	0.600833
123	0.599591
124	0.598969
125	0.602975
126	0.596053
127	0.600438
128	0.595769
129	0.598113
130	0.595835
131	0.598738
132	0.594198
133	0.598698
134	0.595929
135	0.599567
136	0.596025
137	0.598453
138	0.596836
139	0.597022
140	0.595475
141	0.599324
142	0.598062
143	0.596769
144	0.598804
145	0.597402
146	0.598587
147	0.596196
148	0.600589
149	0.597275
150	0.600084
151	0.595258
152	0.600220
153	0.596440
154	0.599751
155	0.596218
156	0.598353
157	0.598136
158	0.595805
159	0.598444
160	0.597236
161	0.595242
162	0.598855
163	0.596838
164	0.591953
165	0.599013
166	0.594927
167	0.599175
168	0.595209
169	0.598625
170	0.596809
171	0.600253
172	0.596427
173	0.599005
174	0.595845
175	0.599404
176	0.595491
177	0.600000
178	0.596267
179	0.600002
180	0.597235
181	0.599733
182	0.596696
183	0.598860
184	0.597598
185	0.600200
186	0.596527
187	0.598418
188	0.598802
189	0.598289
190	0.599327
191	0.597756
192	0.597889
193	0.597865
194	0.596656
195	0.599925
196	0.597836
197	0.600804
198	0.596024
199	0.599827
200	0.597736
201	0.599876
202	0.596533
203	0.599953
204	0.599085
205	0.597989
206	0.595729
207	0.597769
208	0.597896
209	0.600587
210	0.596824
211	0.599427
212	0.596558
213	0.597224
214	0.601416
215	0.597058
216	0.598964
217	0.598496
218	0.601405
219	0.597598
220	0.600176
221	0.595995
222	0.600265
223	0.597729
224	0.600229
225	0.597395
226	0.600776
227	0.597027
228	0.601213
229	0.597125
230	0.600169
231	0.597558
232	0.599925
233	0.599036
234	0.597358
235	0.600624
236	0.597882
237	0.599916
238	0.599465
239	0.597435
240	0.599231
241	0.599391
242	0.596453
243	0.600702
244	0.597331
245	0.598156
246	0.596827
247	0.599271
248	0.597196
249	0.598542
250	0.598296
251	0.597078
252	0.598525
253	0.597844
254	0.599522
255	0.598413
256	0.599836
257	0.596924
258	0.599838
259	0.596895
260	0.600264
261	0.597327
262	0.599369
263	0.598075
264	0.596451
265	0.599724
266	0.597062
267	0.599087
268	0.597282
269	0.599598
270	0.596216
271	0.599798
272	0.596698
273	0.599313
274	0.598535
275	0.599265
276	0.597182
277	0.599676
278	0.597375
279	0.599978
280	0.597429
281	0.599667
282	0.597116
283	0.599564
284	0.597560
285	0.598778
286	0.597989
287	0.600424
288	0.597238
289	0.599975
290	0.598320
291	0.599378
292	0.597340
293	0.600249
294	0.597960
295	0.599515
296	0.599096
297	0.597449
298	0.599702
299	0.597333
300	0.600264
301	0.597202
302	0.600685
303	0.597680
304	0.600404
305	0.598311
306	0.599531
307	0.598578
308	0.597036
309	0.599353
310	0.596793
311	0.599556
312	0.597142
313	0.600309
314	0.596971
315	0.598927
316	0.597924
317	0.599611
318	0.597675
319	0.600007
320	0.597607
321	0.600093
322	0.597473
323	0.597715
324	0.597833
325	0.600840
326	0.597249
327	0.600175
328	0.597491
329	0.598602
330	0.598942
331	0.598153
332	0.601300
333	0.598091
334	0.600116
335	0.597842
336	0.600367
337	0.598078
338	0.600347
339	0.597080
340	0.600920
341	0.599660
342	0.597342
343	0.600004
344	0.597858
345	0.599529
346	0.598224
347	0.599098
348	0.597231
349	0.600471
350	0.597349
351	0.599460
352	0.597347
353	0.598644
354	0.596751
355	0.600071
356	0.598296
357	0.599405
358	0.597189
359	0.599402
360	0.597560
361	0.598504
362	0.597698
363	0.599498
364	0.597780
365	0.600209
366	0.597116
367	0.599389
368	0.596242
369	0.599495
370	0.596775
371	0.599185
372	0.597647
373	0.599667
374	0.598858
375	0.599629
376	0.598807
377	0.599755
378	0.599016
379	0.598756
380	0.596784
381	0.599275
382	0.597218
383	0.601387
384	0.596873
385	0.598944
386	0.596433
387	0.599391
388	0.595553
389	0.599289
390	0.597056
391	0.598264
392	0.595411
393	0.598111
394	0.596082
395	0.596918
396	0.599358
397	0.596251
398	0.598171
399	0.594804
400	0.598175
401	0.595211
402	0.597516
403	0.595236
404	0.598293
405	0.595000
406	0.598593
407	0.595920
408	0.598187
409	0.595580
410	0.598015
411	0.596631
412	0.598056
413	0.597635
414	0.598582
415	0.597487
416	0.599660
417	0.596207
418	0.598636
419	0.597138
420	0.597909
421	0.597178
422	0.598553
423	0.596705
424	0.598785
425	0.596818
426	0.597278
427	0.598347
428	0.597255
429	0.596773
430	0.598971
431	0.596656
432	0.598222
433	0.595938
434	0.598831
435	0.595958
436	0.598793
437	0.596435
438	0.598887
439	0.596869
440	0.598302
441	0.596498
442	0.598418
443	0.597076
444	0.598495
445	0.598240
446	0.596518
447	0.598764
448	0.597024
449	0.597484
450	0.598642
451	0.597795
452	0.597058
453	0.597653
454	0.597791
455	0.597135
456	0.598207
457	0.596965
458	0.596044
459	0.598487
460	0.596605
461	0.598611
462	0.596169
463	0.598438
464	0.596751
465	0.597764
466	0.597104
467	0.599727
468	0.597127
469	0.599875
470	0.597747
471	0.599676
472	0.597340
473	0.598705
474	0.597805
475	0.597187
476	0.597713
477	0.598347
478	0.598318
479	0.599004
480	0.596760
481	0.599069
482	0.598620
483	0.599329
484	0.597498
485	0.598447
486	0.598200
487	0.597747
488	0.599575
489	0.598018
490	0.597327
491	0.598702
492	0.598455
493	0.597644
494	0.598416
495	0.596391
496	0.598991
497	0.597120
498	0.598731
499	0.596615
500	0.599542
501	0.596829
502	0.599580
503	0.596756
504	0.598547
505	0.598305
506	0.597445
507	0.598611
508	0.597047
509	0.598524
510	0.597715
511	0.598125
512	0.598902
513	0.597198
514	0.598471
515	0.596838
516	0.598435
517	0.598691
518	0.598920
519	0.597215
520	0.598809
521	0.597607
522	0.599005
523	0.597380
524	0.598609
525	0.597202
526	0.599275
527	0.597191
528	0.598395
529	0.599435
530	0.597613
531	0.598445
532	0.597420
533	0.598011
534	0.598056
535	0.598553
536	0.596371
537	0.598925
538	0.596762
539	0.598776
540	0.597353
541	0.599373
542	0.597107
543	0.598844
544	0.597836
545	0.596464
546	0.598382
547	0.597140
548	0.599031
549	0.596909
550	0.598984
551	0.597009
552	0.598745
553	0.596944
554	0.598969
555	0.597516
556	0.599482
557	0.597520
558	0.599680
559	0.597564
560	0.598251
561	0.596847
562	0.599302
563	0.597671
564	0.599387
565	0.597240
566	0.599051
567	0.597507
568	0.599273
569	0.597529
570	0.599053
571	0.597665
572	0.599076
573	0.597602
574	0.598135
575	0.599398
576	0.597578
577	0.599291
578	0.597395
579	0.599647
580	0.597449
581	0.598856
582	0.597085
583	0.598591
584	0.597178
585	0.598900
586	0.596885
587	0.598824
588	0.597840
589	0.598525
590	0.597649
591	0.598487
592	0.597715
593	0.599035
594	0.597515
595	0.599367
596	0.597515
597	0.598587
598	0.598198
599	0.598849
600	0.599320
601	0.599696
602	0.598107
603	0.599280
604	0.597962
605	0.597156
606	0.599015
607	0.597076
608	0.598782
609	0.596700
610	0.598702
611	0.596962
612	0.597955
613	0.597840
614	0.598424
615	0.598133
616	0.597802
617	0.599338
618	0.599011
619	0.598762
620	0.598140
621	0.598731
622	0.597587
623	0.598558
624	0.597242
625	0.598485
626	0.598947
627	0.597182
628	0.599671
629	0.597115
630	0.597889
631	0.596607
632	0.598278
633	0.597642
634	0.598351
635	0.596916
636	0.596949
637	0.599069
638	0.597422
639	0.598925
640	0.597253
641	0.597389
642	0.598629
643	0.598156
644	0.596411
645	0.598644
646	0.597462
647	0.597989
648	0.598671
649	0.598527
650	0.596404
651	0.598980
652	0.597376
653	0.598900
654	0.597380
655	0.599296
656	0.597382
657	0.598862
658	0.597375
659	0.599173
660	0.597476
661	0.599898
662	0.597891
663	0.597771
664	0.598987
665	0.597345
666	0.598722
667	0.597558
668	0.598502
669	0.597445
670	0.599204
671	0.597813
672	0.599142
673	0.598305
674	0.597513
675	0.599015
676	0.598213
677	0.598616
678	0.598733
679	0.598967
680	0.598169
681	0.597776
682	0.598436
683	0.597458
684	0.599089
685	0.597993
686	0.597129
687	0.598324
688	0.597418
689	0.599151
690	0.597418
691	0.599449
692	0.597669
693	0.599653
694	0.597565
695	0.599285
696	0.597331
697	0.599224
698	0.597633
699	0.599249
700	0.598147
701	0.599622
702	0.598284
703	0.599236
704	0.597398
705	0.599624
706	0.597058
707	0.599384
708	0.597551
709	0.599400
710	0.597747
711	0.599529
712	0.598929
713	0.598678
714	0.599136
715	0.598185
716	0.598751
717	0.598529
718	0.599316
719	0.597747
720	0.598355
721	0.598173
722	0.598722
723	0.597453
724	0.599018
725	0.597362
726	0.599435
727	0.597173
728	0.599144
729	0.597871
730	0.598733
731	0.598658
732	0.598529
733	0.598442
734	0.598980
735	0.598929
736	0.598747
737	0.598513
738	0.598724
739	0.598042
740	0.599135
741	0.597995
742	0.599240
743	0.597356
744	0.598478
745	0.598375
746	0.598516
747	0.597864
748	0.599135
749	0.598245
750	0.597889
751	0.599124
752	0.598235
753	0.598973
754	0.598649
755	0.596102
756	0.598565
757	0.597431
758	0.598593
759	0.597905
760	0.599456
761	0.597380
762	0.598609
763	0.598355
764	0.597842
765	0.598113
766	0.598860
767	0.599320
768	0.597424
769	0.598260
770	0.598202
771	0.598149
772	0.598465
773	0.597513
774	0.598689
775	0.597164
776	0.599171
777	0.597327
778	0.598875
779	0.597902
780	0.599691
781	0.597731
782	0.599442
783	0.597738
784	0.599158
785	0.598469
786	0.599278
787	0.597587
788	0.599111
789	0.598251
790	0.596920
791	0.599111
792	0.597504
793	0.599120
794	0.597791
795	0.599238
796	0.597638
797	0.598985
798	0.597727
799	0.599391
800	0.597469
801	0.598916
802	0.597151
803	0.598724
804	0.597282
805	0.598700
806	0.597820
807	0.598109
808	0.597842
809	0.599211
810	0.597749
811	0.598851
812	0.598242
813	0.598467
814	0.597402
815	0.599524
816	0.597564
817	0.599233
818	0.597596
819	0.599389
820	0.597816
821	0.599125
822	0.597582
823	0.599525
824	0.597529
825	0.599216
826	0.597500
827	0.599429
828	0.598029
829	0.599451
830	0.597556
831	0.599200
832	0.597662
833	0.599069
834	0.597816
835	0.599640
836	0.598224
837	0.599935
838	0.598307
839	0.599367
840	0.597780
841	0.599184
842	0.597689
843	0.599244
844	0.598318
845	0.598511
846	0.598222
847	0.599313
848	0.597825
849	0.599295
850	0.597764
851	0.599242
852	0.598558
853	0.599065
854	0.598680
855	0.599024
856	0.598415
857	0.599522
858	0.598007
859	0.599660
860	0.597858
861	0.599625
862	0.598224
863	0.599376
864	0.598378
865	0.599625
866	0.597900
867	0.598693
868	0.599820
869	0.598240
870	0.599595
871	0.598276
872	0.599620
873	0.598324
874	0.599596
875	0.598585
876	0.598605
877	0.599178
878	0.598409
879	0.598982
880	0.598795
881	0.598533
882	0.598725
883	0.598629
884	0.598115
885	0.599155
886	0.597384
887	0.599567
888	0.598031
889	0.598922
890	0.597940
891	0.599013
892	0.599504
893	0.598231
894	0.599009
895	0.598545
896	0.598142
897	0.598929
898	0.599162
899	0.597471
900	0.598989
901	0.597682
902	0.599593
903	0.598044
904	0.599064
905	0.597202
906	0.599020
907	0.597865
908	0.598515
909	0.599049
910	0.597427
911	0.599080
912	0.597022
913	0.598951
914	0.598078
915	0.598804
916	0.598035
917	0.598785
918	0.597758
919	0.598809
920	0.597627
921	0.598856
922	0.598431
923	0.598598
924	0.598493
925	0.598342
926	0.598671
927	0.599509
928	0.598229
929	0.599304
930	0.597738
931	0.599347
932	0.598387
933	0.599291
934	0.597893
935	0.598913
936	0.599195
937	0.598905
938	0.598633
939	0.598709
940	0.598240
941	0.599125
942	0.598751
943	0.598847
944	0.599498
945	0.599073
946	0.599013
947	0.598887
948	0.599885
949	0.598305
950	0.599776
951	0.598471
952	0.599576
953	0.599575
954	0.599058
955	0.599744
956	0.598562
957	0.599816
958	0.598893
959	0.599596
960	0.599640
961	0.599651
962	0.598569
963	0.599842
964	0.598620
965	0.599927
966	0.598285
967	0.599947
968	0.598625
969	0.600151
970	0.598784
971	0.600125
972	0.598544
973	0.600138
974	0.599060
975	0.600305
976	0.599091
977	0.599127
978	0.599415
979	0.599711
980	0.598969
981	0.599778
982	0.599178
983	0.599655
984	0.599015
985	0.599442
986	0.599785
987	0.598400
988	0.600489
989	0.598927
990	0.600515
991	0.598636
992	0.600258
993	0.598807
994	0.599273
995	0.599364
996	0.598938
997	0.599840
998	0.598780
999	0.600382
1000	0.598145
